##      Point Forecast    Lo 80    Hi 80    Lo 95    Hi 95
## 1461       41.27872 36.68316 45.87428 34.25042 48.30703
## 1462       41.07371 36.45442 45.69299 34.00912 48.13830
## 1463       41.08934 36.46287 45.71580 34.01377 48.16490
## 1464       41.10496 36.47134 45.73859 34.01844 48.19149
## 1465       41.12059 36.47981 45.76137 34.02313 48.21806
## 1466       41.13622 36.48830 45.78415 34.02784 48.24461
## 1467       41.15185 36.49680 45.80691 34.03256 48.27114
## 1468       41.16748 36.50531 45.82966 34.03730 48.29766
## 1469       41.18311 36.51383 45.85240 34.04206 48.32417
## 1470       41.19874 36.52236 45.87513 34.04683 48.35065
## 1471       41.21437 36.53090 45.89784 34.05162 48.37712
## 1472       41.23000 36.53945 45.92055 34.05643 48.40358
## 1473       41.24563 36.54802 45.94325 34.06125 48.43001
## 1474       41.26126 36.55659 45.96593 34.06609 48.45644
## 1475       41.27689 36.56518 45.98861 34.07094 48.48284
## 1476       41.29252 36.57377 46.01127 34.07581 48.50923
## 1477       41.30815 36.58238 46.03393 34.08070 48.53560
## 1478       41.32378 36.59099 46.05657 34.08560 48.56196
## 1479       41.33941 36.59962 46.07920 34.09052 48.58830
## 1480       41.35504 36.60825 46.10183 34.09546 48.61462
## 1481       41.37067 36.61690 46.12444 34.10041 48.64093
## 1482       41.38630 36.62556 46.14704 34.10537 48.66723
## 1483       41.40193 36.63422 46.16963 34.11035 48.69351
## 1484       41.41756 36.64290 46.19222 34.11535 48.71977
## 1485       41.43319 36.65159 46.21479 34.12036 48.74602
## 1486       41.44882 36.66029 46.23735 34.12539 48.77225
## 1487       41.46445 36.66899 46.25990 34.13043 48.79846
## 1488       41.48008 36.67771 46.28244 34.13549 48.82466
## 1489       41.49571 36.68644 46.30498 34.14056 48.85085
## 1490       41.51134 36.69518 46.32750 34.14565 48.87702
## 1491       41.52697 36.70392 46.35001 34.15076 48.90318
## 1492       41.54260 36.71268 46.37251 34.15588 48.92932
## 1493       41.55823 36.72145 46.39501 34.16101 48.95544
## 1494       41.57386 36.73022 46.41749 34.16616 48.98155
## 1495       41.58949 36.73901 46.43996 34.17132 49.00765
## 1496       41.60512 36.74780 46.46243 34.17650 49.03373
## 1497       41.62075 36.75661 46.48488 34.18169 49.05980
## 1498       41.63637 36.76542 46.50733 34.18690 49.08585
## 1499       41.65200 36.77425 46.52976 34.19212 49.11189
## 1500       41.66763 36.78308 46.55219 34.19736 49.13791
## 1501       41.68326 36.79193 46.57460 34.20261 49.16392
## 1502       41.69889 36.80078 46.59701 34.20787 49.18991
## 1503       41.71452 36.80964 46.61941 34.21315 49.21589
## 1504       41.73015 36.81851 46.64179 34.21845 49.24186
## 1505       41.74578 36.82739 46.66417 34.22375 49.26781
## 1506       41.76141 36.83628 46.68654 34.22908 49.29375
## 1507       41.77704 36.84518 46.70890 34.23441 49.31967
## 1508       41.79267 36.85409 46.73125 34.23976 49.34558
## 1509       41.80830 36.86301 46.75360 34.24513 49.37148
## 1510       41.82393 36.87193 46.77593 34.25051 49.39736
## 1511       41.83956 36.88087 46.79825 34.25590 49.42322
## 1512       41.85519 36.88981 46.82057 34.26130 49.44908
## 1513       41.87082 36.89877 46.84287 34.26672 49.47492
## 1514       41.88645 36.90773 46.86517 34.27216 49.50074
## 1515       41.90208 36.91670 46.88746 34.27760 49.52656
## 1516       41.91771 36.92568 46.90974 34.28306 49.55236
## 1517       41.93334 36.93467 46.93201 34.28854 49.57814
## 1518       41.94897 36.94367 46.95427 34.29402 49.60391
## 1519       41.96460 36.95268 46.97652 34.29953 49.62967
## 1520       41.98023 36.96169 46.99876 34.30504 49.65542
## 1521       41.99586 36.97072 47.02100 34.31057 49.68115
## 1522       42.01149 36.97975 47.04323 34.31611 49.70687
## 1523       42.02712 36.98879 47.06544 34.32166 49.73257
## 1524       42.04275 36.99784 47.08765 34.32723 49.75827
## 1525       42.05838 37.00690 47.10985 34.33281 49.78394
## 1526       42.07401 37.01597 47.13205 34.33840 49.80961
## 1527       42.08964 37.02504 47.15423 34.34401 49.83526
## 1528       42.10527 37.03413 47.17640 34.34963 49.86090
## 1529       42.12090 37.04322 47.19857 34.35526 49.88653
## 1530       42.13653 37.05232 47.22073 34.36091 49.91215
## 1531       42.15216 37.06143 47.24288 34.36656 49.93775
## 1532       42.16778 37.07055 47.26502 34.37223 49.96334
## 1533       42.18341 37.07967 47.28715 34.37792 49.98891
## 1534       42.19904 37.08881 47.30928 34.38361 50.01447
## 1535       42.21467 37.09795 47.33140 34.38932 50.04003
## 1536       42.23030 37.10710 47.35351 34.39504 50.06556
## 1537       42.24593 37.11626 47.37561 34.40078 50.09109
## 1538       42.26156 37.12543 47.39770 34.40652 50.11660
## 1539       42.27719 37.13460 47.41978 34.41228 50.14210
## 1540       42.29282 37.14379 47.44186 34.41805 50.16759
## 1541       42.30845 37.15298 47.46393 34.42384 50.19307
## 1542       42.32408 37.16218 47.48599 34.42963 50.21853
## 1543       42.33971 37.17139 47.50804 34.43544 50.24398
## 1544       42.35534 37.18060 47.53008 34.44126 50.26942
## 1545       42.37097 37.18982 47.55212 34.44709 50.29485
## 1546       42.38660 37.19906 47.57415 34.45294 50.32027
## 1547       42.40223 37.20830 47.59617 34.45879 50.34567
## 1548       42.41786 37.21754 47.61818 34.46466 50.37106
## 1549       42.43349 37.22680 47.64018 34.47054 50.39644
## 1550       42.44912 37.23606 47.66218 34.47643 50.42181
## 1551       42.46475 37.24533 47.68417 34.48234 50.44716
## 1552       42.48038 37.25461 47.70615 34.48825 50.47251
## 1553       42.49601 37.26389 47.72812 34.49418 50.49784
## 1554       42.51164 37.27319 47.75009 34.50012 50.52316
## 1555       42.52727 37.28249 47.77205 34.50607 50.54847
## 1556       42.54290 37.29180 47.79400 34.51203 50.57376
## 1557       42.55853 37.30111 47.81594 34.51801 50.59905
## 1558       42.57416 37.31044 47.83788 34.52399 50.62432
## 1559       42.58979 37.31977 47.85980 34.52999 50.64958
## 1560       42.60542 37.32911 47.88172 34.53600 50.67483
## 1561       42.62105 37.33846 47.90364 34.54202 50.70007
## 1562       42.63668 37.34781 47.92554 34.54805 50.72530
## 1563       42.65231 37.35717 47.94744 34.55410 50.75052
## 1564       42.66794 37.36654 47.96933 34.56015 50.77572
## 1565       42.68357 37.37592 47.99121 34.56622 50.80091
## 1566       42.69920 37.38530 48.01309 34.57229 50.82610
## 1567       42.71482 37.39469 48.03496 34.57838 50.85127
## 1568       42.73045 37.40409 48.05682 34.58448 50.87643
## 1569       42.74608 37.41349 48.07867 34.59059 50.90158
## 1570       42.76171 37.42291 48.10052 34.59671 50.92671
## 1571       42.77734 37.43233 48.12236 34.60285 50.95184
## 1572       42.79297 37.44176 48.14419 34.60899 50.97696
## 1573       42.80860 37.45119 48.16602 34.61515 51.00206
## 1574       42.82423 37.46063 48.18783 34.62131 51.02715
## 1575       42.83986 37.47008 48.20965 34.62749 51.05224
## 1576       42.85549 37.47954 48.23145 34.63368 51.07731
## 1577       42.87112 37.48900 48.25325 34.63987 51.10237
## 1578       42.88675 37.49847 48.27503 34.64608 51.12742
## 1579       42.90238 37.50795 48.29682 34.65230 51.15246
## 1580       42.91801 37.51743 48.31859 34.65853 51.17749
## 1581       42.93364 37.52692 48.34036 34.66478 51.20251
## 1582       42.94927 37.53642 48.36212 34.67103 51.22751
## 1583       42.96490 37.54592 48.38388 34.67729 51.25251
## 1584       42.98053 37.55544 48.40562 34.68356 51.27750
## 1585       42.99616 37.56495 48.42737 34.68985 51.30247
## 1586       43.01179 37.57448 48.44910 34.69614 51.32744
## 1587       43.02742 37.58401 48.47083 34.70245 51.35239
## 1588       43.04305 37.59355 48.49255 34.70876 51.37734
## 1589       43.05868 37.60310 48.51426 34.71509 51.40227
## 1590       43.07431 37.61265 48.53597 34.72142 51.42719
## 1591       43.08994 37.62221 48.55767 34.72777 51.45211
## 1592       43.10557 37.63178 48.57936 34.73413 51.47701
## 1593       43.12120 37.64135 48.60105 34.74049 51.50190
## 1594       43.13683 37.65093 48.62273 34.74687 51.52678
## 1595       43.15246 37.66051 48.64440 34.75326 51.55166
## 1596       43.16809 37.67011 48.66606 34.75965 51.57652
## 1597       43.18372 37.67971 48.68772 34.76606 51.60137
## 1598       43.19935 37.68931 48.70938 34.77248 51.62621
## 1599       43.21498 37.69893 48.73102 34.77891 51.65104
## 1600       43.23061 37.70855 48.75266 34.78534 51.67587
## 1601       43.24623 37.71817 48.77430 34.79179 51.70068
## 1602       43.26186 37.72780 48.79593 34.79825 51.72548
## 1603       43.27749 37.73744 48.81755 34.80472 51.75027
## 1604       43.29312 37.74709 48.83916 34.81119 51.77505
## 1605       43.30875 37.75674 48.86077 34.81768 51.79983
## 1606       43.32438 37.76640 48.88237 34.82418 51.82459
## 1607       43.34001 37.77606 48.90396 34.83069 51.84934
## 1608       43.35564 37.78573 48.92555 34.83720 51.87408
## 1609       43.37127 37.79541 48.94713 34.84373 51.89882
## 1610       43.38690 37.80510 48.96871 34.85027 51.92354
## 1611       43.40253 37.81479 48.99028 34.85681 51.94825
## 1612       43.41816 37.82448 49.01184 34.86337 51.97296
## 1613       43.43379 37.83418 49.03340 34.86993 51.99765
## 1614       43.44942 37.84389 49.05495 34.87651 52.02234
## 1615       43.46505 37.85361 49.07649 34.88309 52.04701
## 1616       43.48068 37.86333 49.09803 34.88968 52.07168
## 1617       43.49631 37.87306 49.11956 34.89629 52.09633
## 1618       43.51194 37.88279 49.14109 34.90290 52.12098
## 1619       43.52757 37.89253 49.16261 34.90952 52.14562
## 1620       43.54320 37.90228 49.18412 34.91615 52.17024
## 1621       43.55883 37.91203 49.20563 34.92280 52.19486
## 1622       43.57446 37.92179 49.22713 34.92945 52.21947
## 1623       43.59009 37.93155 49.24862 34.93610 52.24407
## 1624       43.60572 37.94132 49.27011 34.94277 52.26866
## 1625       43.62135 37.95110 49.29160 34.94945 52.29324
## 1626       43.63698 37.96088 49.31307 34.95614 52.31782
## 1627       43.65261 37.97067 49.33454 34.96284 52.34238
## 1628       43.66824 37.98047 49.35601 34.96954 52.36693
## 1629       43.68387 37.99027 49.37747 34.97626 52.39148
## 1630       43.69950 38.00007 49.39892 34.98298 52.41601
## 1631       43.71513 38.00989 49.42037 34.98971 52.44054
## 1632       43.73076 38.01970 49.44181 34.99646 52.46506
## 1633       43.74639 38.02953 49.46324 35.00321 52.48956
## 1634       43.76202 38.03936 49.48467 35.00997 52.51406
## 1635       43.77765 38.04919 49.50610 35.01674 52.53855
## 1636       43.79327 38.05904 49.52751 35.02351 52.56303
## 1637       43.80890 38.06888 49.54892 35.03030 52.58751
## 1638       43.82453 38.07874 49.57033 35.03710 52.61197
## 1639       43.84016 38.08860 49.59173 35.04390 52.63643
## 1640       43.85579 38.09846 49.61312 35.05072 52.66087
## 1641       43.87142 38.10833 49.63451 35.05754 52.68531
## 1642       43.88705 38.11821 49.65590 35.06437 52.70974
## 1643       43.90268 38.12809 49.67727 35.07121 52.73416
## 1644       43.91831 38.13798 49.69864 35.07806 52.75857
## 1645       43.93394 38.14788 49.72001 35.08492 52.78297
## 1646       43.94957 38.15777 49.74137 35.09178 52.80736
## 1647       43.96520 38.16768 49.76272 35.09866 52.83175
## 1648       43.98083 38.17759 49.78407 35.10554 52.85612
## 1649       43.99646 38.18751 49.80541 35.11243 52.88049
## 1650       44.01209 38.19743 49.82675 35.11933 52.90485
## 1651       44.02772 38.20736 49.84808 35.12624 52.92920
## 1652       44.04335 38.21729 49.86941 35.13316 52.95354
## 1653       44.05898 38.22723 49.89073 35.14009 52.97787
## 1654       44.07461 38.23717 49.91205 35.14702 53.00220
## 1655       44.09024 38.24712 49.93335 35.15396 53.02651
## 1656       44.10587 38.25708 49.95466 35.16092 53.05082
## 1657       44.12150 38.26704 49.97596 35.16788 53.07512
## 1658       44.13713 38.27701 49.99725 35.17485 53.09941
## 1659       44.15276 38.28698 50.01854 35.18182 53.12369
## 1660       44.16839 38.29696 50.03982 35.18881 53.14797
## 1661       44.18402 38.30694 50.06110 35.19580 53.17223
## 1662       44.19965 38.31693 50.08237 35.20280 53.19649
## 1663       44.21528 38.32692 50.10363 35.20981 53.22074
## 1664       44.23091 38.33692 50.12489 35.21683 53.24498
## 1665       44.24654 38.34692 50.14615 35.22386 53.26922
## 1666       44.26217 38.35693 50.16740 35.23089 53.29344
## 1667       44.27780 38.36695 50.18864 35.23793 53.31766
## 1668       44.29343 38.37697 50.20988 35.24499 53.34186
## 1669       44.30906 38.38699 50.23112 35.25205 53.36607
## 1670       44.32468 38.39703 50.25234 35.25911 53.39026
## 1671       44.34031 38.40706 50.27357 35.26619 53.41444
## 1672       44.35594 38.41710 50.29479 35.27327 53.43862
## 1673       44.37157 38.42715 50.31600 35.28036 53.46279
## 1674       44.38720 38.43720 50.33721 35.28746 53.48695
## 1675       44.40283 38.44726 50.35841 35.29457 53.51110
## 1676       44.41846 38.45732 50.37960 35.30168 53.53524
## 1677       44.43409 38.46739 50.40080 35.30881 53.55938
## 1678       44.44972 38.47746 50.42198 35.31594 53.58351
## 1679       44.46535 38.48754 50.44316 35.32308 53.60763
## 1680       44.48098 38.49762 50.46434 35.33023 53.63174
## 1681       44.49661 38.50771 50.48551 35.33738 53.65584
## 1682       44.51224 38.51781 50.50668 35.34454 53.67994
## 1683       44.52787 38.52790 50.52784 35.35171 53.70403
## 1684       44.54350 38.53801 50.54899 35.35889 53.72811
## 1685       44.55913 38.54812 50.57014 35.36608 53.75218
## 1686       44.57476 38.55823 50.59129 35.37327 53.77625
## 1687       44.59039 38.56835 50.61243 35.38047 53.80031
## 1688       44.60602 38.57847 50.63357 35.38768 53.82436
## 1689       44.62165 38.58860 50.65470 35.39490 53.84840
## 1690       44.63728 38.59874 50.67582 35.40212 53.87243
## 1691       44.65291 38.60887 50.69694 35.40936 53.89646
## 1692       44.66854 38.61902 50.71806 35.41660 53.92048
## 1693       44.68417 38.62917 50.73917 35.42384 53.94449
## 1694       44.69980 38.63932 50.76027 35.43110 53.96850
## 1695       44.71543 38.64948 50.78137 35.43836 53.99249
## 1696       44.73106 38.65964 50.80247 35.44563 54.01648
## 1697       44.74669 38.66981 50.82356 35.45291 54.04046
## 1698       44.76232 38.67999 50.84465 35.46019 54.06444
## 1699       44.77795 38.69016 50.86573 35.46749 54.08841
## 1700       44.79358 38.70035 50.88680 35.47479 54.11236
## 1701       44.80921 38.71054 50.90788 35.48209 54.13632
## 1702       44.82484 38.72073 50.92894 35.48941 54.16026
## 1703       44.84047 38.73093 50.95000 35.49673 54.18420
## 1704       44.85609 38.74113 50.97106 35.50406 54.20813
## 1705       44.87172 38.75134 50.99211 35.51140 54.23205
## 1706       44.88735 38.76155 51.01316 35.51874 54.25597
## 1707       44.90298 38.77177 51.03420 35.52610 54.27987
## 1708       44.91861 38.78199 51.05524 35.53345 54.30377
## 1709       44.93424 38.79221 51.07627 35.54082 54.32767
## 1710       44.94987 38.80245 51.09730 35.54819 54.35155
## 1711       44.96550 38.81268 51.11832 35.55558 54.37543
## 1712       44.98113 38.82292 51.13934 35.56296 54.39930
## 1713       44.99676 38.83317 51.16036 35.57036 54.42317
## 1714       45.01239 38.84342 51.18137 35.57776 54.44702
## 1715       45.02802 38.85367 51.20237 35.58517 54.47087
## 1716       45.04365 38.86393 51.22337 35.59259 54.49472
## 1717       45.05928 38.87420 51.24437 35.60001 54.51855
## 1718       45.07491 38.88447 51.26536 35.60744 54.54238
## 1719       45.09054 38.89474 51.28634 35.61488 54.56620
## 1720       45.10617 38.90502 51.30732 35.62233 54.59001
## 1721       45.12180 38.91530 51.32830 35.62978 54.61382
## 1722       45.13743 38.92559 51.34927 35.63724 54.63762
## 1723       45.15306 38.93588 51.37024 35.64470 54.66141
## 1724       45.16869 38.94618 51.39120 35.65218 54.68520
## 1725       45.18432 38.95648 51.41216 35.65966 54.70898
## 1726       45.19995 38.96678 51.43311 35.66714 54.73275
## 1727       45.21558 38.97709 51.45406 35.67464 54.75652
## 1728       45.23121 38.98741 51.47501 35.68214 54.78028
## 1729       45.24684 38.99773 51.49595 35.68965 54.80403
## 1730       45.26247 39.00805 51.51688 35.69716 54.82777
## 1731       45.27810 39.01838 51.53781 35.70469 54.85151
## 1732       45.29373 39.02871 51.55874 35.71221 54.87524
## 1733       45.30936 39.03905 51.57966 35.71975 54.89896
## 1734       45.32499 39.04939 51.60058 35.72729 54.92268
## 1735       45.34062 39.05974 51.62149 35.73484 54.94639
## 1736       45.35625 39.07009 51.64240 35.74240 54.97009
## 1737       45.37188 39.08044 51.66331 35.74996 54.99379
## 1738       45.38751 39.09080 51.68421 35.75753 55.01748
## 1739       45.40313 39.10117 51.70510 35.76511 55.04116
## 1740       45.41876 39.11153 51.72599 35.77269 55.06484
## 1741       45.43439 39.12191 51.74688 35.78028 55.08851
## 1742       45.45002 39.13228 51.76776 35.78787 55.11217
## 1743       45.46565 39.14267 51.78864 35.79548 55.13583
## 1744       45.48128 39.15305 51.80952 35.80309 55.15948
## 1745       45.49691 39.16344 51.83038 35.81070 55.18312
## 1746       45.51254 39.17384 51.85125 35.81833 55.20676
## 1747       45.52817 39.18423 51.87211 35.82596 55.23039
## 1748       45.54380 39.19464 51.89297 35.83359 55.25401
## 1749       45.55943 39.20504 51.91382 35.84124 55.27763
## 1750       45.57506 39.21546 51.93467 35.84888 55.30124
## 1751       45.59069 39.22587 51.95551 35.85654 55.32484
## 1752       45.60632 39.23629 51.97635 35.86420 55.34844
## 1753       45.62195 39.24672 51.99718 35.87187 55.37203
## 1754       45.63758 39.25715 52.01802 35.87955 55.39561
## 1755       45.65321 39.26758 52.03884 35.88723 55.41919
## 1756       45.66884 39.27802 52.05966 35.89492 55.44276
## 1757       45.68447 39.28846 52.08048 35.90261 55.46633
## 1758       45.70010 39.29890 52.10130 35.91031 55.48989
## 1759       45.71573 39.30935 52.12211 35.91802 55.51344
## 1760       45.73136 39.31981 52.14291 35.92573 55.53698
## 1761       45.74699 39.33026 52.16371 35.93346 55.56052
## 1762       45.76262 39.34073 52.18451 35.94118 55.58405
## 1763       45.77825 39.35119 52.20530 35.94892 55.60758
## 1764       45.79388 39.36166 52.22609 35.95665 55.63110
## 1765       45.80951 39.37214 52.24688 35.96440 55.65461
## 1766       45.82514 39.38262 52.26766 35.97215 55.67812
## 1767       45.84077 39.39310 52.28843 35.97991 55.70162
## 1768       45.85640 39.40359 52.30921 35.98768 55.72512
## 1769       45.87203 39.41408 52.32997 35.99545 55.74861
## 1770       45.88766 39.42457 52.35074 36.00322 55.77209
## 1771       45.90329 39.43507 52.37150 36.01101 55.79556
## 1772       45.91892 39.44558 52.39225 36.01880 55.81903
## 1773       45.93454 39.45608 52.41301 36.02659 55.84250
## 1774       45.95017 39.46659 52.43375 36.03439 55.86595
## 1775       45.96580 39.47711 52.45450 36.04220 55.88941
## 1776       45.98143 39.48763 52.47524 36.05002 55.91285
## 1777       45.99706 39.49815 52.49597 36.05784 55.93629
## 1778       46.01269 39.50868 52.51671 36.06566 55.95972
## 1779       46.02832 39.51921 52.53743 36.07350 55.98315
## 1780       46.04395 39.52975 52.55816 36.08134 56.00657
## 1781       46.05958 39.54029 52.57888 36.08918 56.02998
## 1782       46.07521 39.55083 52.59959 36.09703 56.05339
## 1783       46.09084 39.56138 52.62031 36.10489 56.07679
## 1784       46.10647 39.57193 52.64101 36.11275 56.10019
## 1785       46.12210 39.58249 52.66172 36.12062 56.12358
## 1786       46.13773 39.59304 52.68242 36.12850 56.14697
## 1787       46.15336 39.60361 52.70311 36.13638 56.17034
## 1788       46.16899 39.61417 52.72381 36.14426 56.19372
## 1789       46.18462 39.62475 52.74449 36.15216 56.21708
## 1790       46.20025 39.63532 52.76518 36.16006 56.24044
## 1791       46.21588 39.64590 52.78586 36.16796 56.26380
## 1792       46.23151 39.65648 52.80654 36.17587 56.28715
## 1793       46.24714 39.66707 52.82721 36.18379 56.31049
## 1794       46.26277 39.67766 52.84788 36.19171 56.33382
## 1795       46.27840 39.68825 52.86854 36.19964 56.35716
## 1796       46.29403 39.69885 52.88920 36.20758 56.38048
## 1797       46.30966 39.70945 52.90986 36.21552 56.40380
## 1798       46.32529 39.72006 52.93052 36.22346 56.42711
## 1799       46.34092 39.73067 52.95117 36.23141 56.45042
## 1800       46.35655 39.74128 52.97181 36.23937 56.47372
## 1801       46.37218 39.75190 52.99245 36.24734 56.49702
## 1802       46.38781 39.76252 53.01309 36.25531 56.52031
## 1803       46.40344 39.77315 53.03373 36.26328 56.54359
## 1804       46.41907 39.78377 53.05436 36.27126 56.56687
## 1805       46.43470 39.79441 53.07498 36.27925 56.59014
## 1806       46.45033 39.80504 53.09561 36.28724 56.61341
## 1807       46.46595 39.81568 53.11623 36.29524 56.63667
## 1808       46.48158 39.82633 53.13684 36.30324 56.65992
## 1809       46.49721 39.83697 53.15746 36.31125 56.68317
## 1810       46.51284 39.84762 53.17806 36.31927 56.70642
## 1811       46.52847 39.85828 53.19867 36.32729 56.72966
## 1812       46.54410 39.86894 53.21927 36.33532 56.75289
## 1813       46.55973 39.87960 53.23987 36.34335 56.77612
## 1814       46.57536 39.89027 53.26046 36.35139 56.79934
## 1815       46.59099 39.90094 53.28105 36.35943 56.82255
## 1816       46.60662 39.91161 53.30164 36.36748 56.84576
## 1817       46.62225 39.92229 53.32222 36.37554 56.86897
## 1818       46.63788 39.93297 53.34280 36.38360 56.89217
## 1819       46.65351 39.94365 53.36337 36.39166 56.91536
## 1820       46.66914 39.95434 53.38394 36.39974 56.93855
## 1821       46.68477 39.96503 53.40451 36.40781 56.96173
## 1822       46.70040 39.97572 53.42508 36.41590 56.98491
## 1823       46.71603 39.98642 53.44564 36.42398 57.00808
## 1824       46.73166 39.99713 53.46619 36.43208 57.03124
## 1825       46.74729 40.00783 53.48675 36.44018 57.05440